Number of vertices:10
Number of edges:35
v0: 1,0.031220, 2,0.713018, 3,0.695029, 4,0.344548
v1: 2,0.813958, 3,0.193035, 4,0.333181
v2: 3,0.775415, 4,0.399575
v3: 4,0.660529
v4:
v5: 0,0.515216, 3,0.241239, 1,0.505935, 4,0.251267, 2,0.048370
v6: 5,0.958026, 4,0.538510, 2,0.737674, 3,0.082396, 1,0.826046
v7: 3,0.348543, 1,0.955613, 4,0.986812, 0,0.342971, 5,0.309473
v8: 1,0.318145, 5,0.062038, 4,0.667348, 0,0.118510, 2,0.800560
v9: 5,0.005640, 2,0.787952, 8,0.111192, 4,0.808204, 1,0.485822
