Number of vertices:5
Number of edges:4
v0: 1,0.464037, 2,0.303287, 3,0.346762, 4,0.121046
v1: 2,0.912559, 3,0.841031, 4,0.282794, 0,0.841031
v2: 0,0.912559, 3,0.841031, 4,0.282794, 1,0.464037
v3: 2,0.912559, 0,0.841031, 4,0.282794, 1,0.464037
v4: 2,0.912559, 0,0.841031, 3,0.282794, 1,0.464037
