Number of vertices:100
Number of edges:189
v0: 1,0.766921, 2,0.734752, 3,0.273526, 4,0.405918
v1: 2,0.144907, 3,0.192708, 4,0.867071
v2: 3,0.736514, 4,0.172221
v3: 4,0.319966
v4:
v5: 0,0.949073, 1,0.665427
v6: 1,0.511753
v7: 0,0.185131, 4,0.802515
v8: 0,0.660541, 3,0.311784, 4,0.292861
v9: 4,0.489458
v10: 0,0.114586, 7,0.087991
v11: 3,0.415706, 5,0.886266, 10,0.784527
v12: 4,0.819175
v13: 4,0.566341, 12,0.358446
v14: 0,0.097626, 1,0.928441, 7,0.895657
v15: 12,0.616435
v16: 0,0.695362, 1,0.630409, 3,0.889961, 8,0.101281
v17: 1,0.775316, 12,0.082669
v18: 1,0.968352
v19: 0,0.511830, 4,0.254890, 11,0.288318
v20: 13,0.460902
v21: 0,0.920317, 1,0.800071
v22: 0,0.646033, 3,0.722832
v23: 0,0.460613, 3,0.957818, 7,0.015693, 19,0.950070
v24: 0,0.072404, 16,0.103683
v25: 3,0.365776, 8,0.958669
v26: 1,0.888210, 5,0.184952
v27: 0,0.525010, 22,0.246657
v28: 3,0.282577, 16,0.453451
v29: 0,0.142313
v30: 1,0.899012, 16,0.148814, 23,0.772722
v31: 1,0.788973, 4,0.250094, 17,0.548038, 22,0.871642
v32: 7,0.218446, 12,0.059867, 18,0.126533
v33: 13,0.506764, 28,0.520770
v34: 0,0.046849, 30,0.306835
v35:
v36: 25,0.166803, 27,0.769681, 31,0.767447
v37: 4,0.124621, 11,0.785374
v38: 0,0.717518, 8,0.197025
v39: 1,0.889057
v40: 1,0.083294
v41: 1,0.155694, 6,0.777268
v42: 11,0.268246, 27,0.680704
v43: 0,0.023925, 2,0.550823, 21,0.134155
v44:
v45: 34,0.166238
v46: 0,0.449835, 16,0.282969, 19,0.938960
v47: 5,0.238808, 25,0.533063
v48: 27,0.486998
v49: 26,0.110450
v50: 12,0.751509
v51:
v52: 3,0.546865, 42,0.236983
v53: 22,0.258272, 28,0.067635, 31,0.283833, 43,0.565107
v54: 27,0.234438
v55: 0,0.053514, 24,0.332555
v56: 19,0.359059
v57: 1,0.838888, 3,0.050072, 25,0.556084
v58: 8,0.727945, 31,0.133367
v59: 0,0.711777, 54,0.505213
v60: 5,0.401612, 8,0.392481, 10,0.529137, 12,0.952435
v61: 5,0.526636, 38,0.695375
v62: 27,0.402270, 43,0.809605
v63: 60,0.634335
v64:
v65: 13,0.641078, 53,0.342667, 60,0.121333
v66: 52,0.751528
v67: 0,0.094176, 25,0.668198, 30,0.988511, 43,0.352448
v68: 36,0.735833
v69: 0,0.272344
v70: 1,0.917556
v71:
v72: 0,0.970271, 48,0.325858, 67,0.250110
v73: 22,0.329331
v74: 3,0.164746, 7,0.300183, 19,0.885414, 31,0.892691, 43,0.433549, 52,0.597192
v75: 41,0.397904
v76: 12,0.835161
v77:
v78: 1,0.989673, 5,0.927041
v79: 0,0.787596, 23,0.516309, 60,0.622416
v80: 13,0.189866
v81: 33,0.325913
v82:
v83: 1,0.256752, 3,0.830944, 54,0.668581
v84: 22,0.378085
v85:
v86:
v87: 42,0.582472
v88: 10,0.762757, 48,0.046283
v89: 8,0.570983
v90: 1,0.115205, 16,0.782116, 31,0.843327
v91: 28,0.032761, 42,0.752387
v92: 0,0.169185, 4,0.282871, 27,0.081718, 31,0.333931
v93: 0,0.583054, 33,0.967132
v94:
v95: 0,0.226622, 8,0.016603, 31,0.564324
v96: 38,0.624525, 79,0.851764
v97: 3,0.553997, 5,0.551566, 66,0.639361, 69,0.070306
v98: 1,0.173983, 24,0.829227, 27,0.396219, 60,0.430734
v99: 2,0.660170
