Number of vertices:100
Number of edges:201
v0: 1, 0.358905, 2, 0.108428, 3, 0.346227, 4, 0.041958
v1: 2, 0.188091, 3, 0.252773, 4, 0.356884
v2: 3, 0.148896, 4, 0.493553
v3: 4, 0.143131
v4:
v5: 0, 0.603610
v6: 1, 0.875875, 4, 0.829182
v7: 0, 0.054921, 1, 0.059889, 4, 0.560527
v8: 1, 0.769054
v9: 1, 0.491903, 4, 0.419063
v10: 1, 0.195194, 4, 0.627374
v11: 1, 0.271057
v12: 1, 0.655250, 3, 0.789914
v13: 1, 0.088405
v14: 4, 0.826937, 6, 0.338239, 12, 0.782026
v15: 1, 0.503911, 14, 0.226291
v16: 1, 0.276711
v17: 1, 0.687495, 14, 0.721626
v18: 14, 0.361136
v19: 2, 0.617977
v20: 0, 0.344990
v21: 1, 0.248117, 14, 0.096463
v22: 3, 0.250260, 4, 0.114627, 10, 0.539652
v23: 1, 0.926194, 3, 0.537534, 7, 0.331686
v24:
v25: 0, 0.651690, 3, 0.947421, 9, 0.302749, 12, 0.298024
v26: 1, 0.887267, 2, 0.301454
v27: 1, 0.541062, 15, 0.623892, 18, 0.752386
v28: 1, 0.354920, 27, 0.145645
v29:
v30: 3, 0.848598, 7, 0.391807, 9, 0.102798, 22, 0.729414
v31:
v32: 3, 0.267579
v33: 0, 0.201468, 1, 0.069386, 3, 0.167862, 4, 0.255374, 20, 0.076274, 25, 0.937199
v34: 15, 0.498212
v35:
v36:
v37:
v38: 0, 0.457327, 4, 0.298389, 13, 0.018969
v39: 4, 0.817717
v40: 0, 0.376026, 27, 0.866800
v41: 21, 0.301580
v42: 1, 0.651755, 4, 0.049976, 40, 0.951729
v43: 22, 0.708999, 33, 0.141902, 42, 0.951559
v44: 1, 0.854354, 9, 0.128290, 22, 0.177104, 23, 0.594685
v45: 1, 0.876746, 18, 0.470769
v46:
v47: 0, 0.212055, 4, 0.007862, 20, 0.144629, 22, 0.782339, 26, 0.775604
v48:
v49: 1, 0.581166, 8, 0.665241, 25, 0.702006
v50: 26, 0.610169
v51: 33, 0.108822
v52: 23, 0.977612, 38, 0.719843
v53: 2, 0.400456, 4, 0.472004, 9, 0.963117, 25, 0.113941, 42, 0.008451
v54: 1, 0.042975, 14, 0.279129, 45, 0.317613, 47, 0.124966
v55: 27, 0.299387, 44, 0.800200, 47, 0.959214
v56: 1, 0.507429, 4, 0.351819
v57: 17, 0.017134, 26, 0.968447, 52, 0.692662
v58: 0, 0.567856, 14, 0.948726, 22, 0.237143, 30, 0.654594, 33, 0.764595
v59: 12, 0.544736
v60: 4, 0.385348, 11, 0.551393, 26, 0.263994
v61: 3, 0.939763, 57, 0.593645
v62: 10, 0.395470, 33, 0.668736
v63: 4, 0.451398, 10, 0.644493, 22, 0.997990
v64: 4, 0.223308, 51, 0.133132, 60, 0.552710
v65:
v66: 0, 0.399901, 1, 0.131302, 9, 0.796809
v67:
v68:
v69: 1, 0.962349, 61, 0.203852
v70:
v71: 15, 0.140029
v72:
v73: 22, 0.460879, 47, 0.991563, 71, 0.195166
v74: 0, 0.152689, 4, 0.241131, 25, 0.681248
v75:
v76: 10, 0.742113, 40, 0.689922
v77: 3, 0.514368
v78: 0, 0.988176, 4, 0.279218
v79: 0, 0.818304
v80: 3, 0.232767, 4, 0.108707, 14, 0.045696, 23, 0.011453, 26, 0.493489, 27, 0.062889, 63, 0.968864, 64, 0.695674, 74, 0.186073
v81: 15, 0.324210, 33, 0.999237, 43, 0.180329, 47, 0.787644
v82: 1, 0.926191, 2, 0.497408, 10, 0.937446
v83: 43, 0.663203
v84: 1, 0.448195, 2, 0.805123, 20, 0.694276
v85: 1, 0.689520, 3, 0.762051, 14, 0.788389
v86: 3, 0.453414, 7, 0.537235, 22, 0.307181
v87: 4, 0.786315, 10, 0.597388
v88: 3, 0.294004, 4, 0.329907, 60, 0.746522
v89: 1, 0.798978, 22, 0.429426
v90: 9, 0.369234, 33, 0.717271
v91: 33, 0.171678, 89, 0.393026
v92: 0, 0.589290, 47, 0.200565
v93: 3, 0.893485
v94: 1, 0.794394
v95: 15, 0.376450, 82, 0.989015
v96: 18, 0.371848
v97: 14, 0.651902
v98: 14, 0.512230, 18, 0.055257, 25, 0.699415, 89, 0.059907
v99:
